6685.000000     1.800000        0          0          0          0          0          0          0          0          0          0          0          0          0          0     0.0000E+00 0.0000E+00      0      0.0000E+00
6685.000000     5.400000        0          0          0          0          0          0          0          0          0          0          0          0          0          0     0.0000E+00 0.0000E+00      0      0.0000E+00
6685.000000     9.000000        0          0          0          0          0          0          0          0          0          0          0          0          0          0     0.0000E+00 0.0000E+00      0      0.0000E+00
6685.000000    12.600000        0          0          0          0          0          0          0          0          0          0          0          0          0          0     0.0000E+00 0.0000E+00      0      0.0000E+00
6685.000000    16.200000        0          0          0          0          0          0          0          0          0          0          0          0          0          0     0.0000E+00 0.0000E+00      0      0.0000E+00
6685.000000    19.800000        0          0          0          0          0          0          0          0          0          0          0          0          0          0     0.0000E+00 0.0000E+00      0      0.0000E+00
6685.000000    23.400000        0          0          0          0          0          0          0          0          0          0          0          0          0          0     0.0000E+00 0.0000E+00      0      0.0000E+00
6685.000000    27.000000        0          0          0          0          0          0          0          0          0          0          0          0          0          0     0.0000E+00 0.0000E+00      0      0.0000E+00
6685.000000    30.600000        0          0          0          0          0          0          0          0          0          0          0          0          0          0     0.1206E-08 0.0000E+00      0      0.1206E-08
6685.000000    34.200000        0          0          0          0          0          0          0          0          0          0          0          0          0          0     0.3860E-08 0.0000E+00      0      0.3860E-08
6685.000000    37.800000        0          0          0          0          0          0          0          0          0          0          0          0          0          0     0.6060E-08 0.0000E+00      0      0.6060E-08
6685.000000    41.400000        0          0          0          0          0          0          0          0          0          0          0          0          0          0     0.1185E-08 0.0000E+00      0      0.1185E-08
6685.000000    45.000000        0          0          0          0          0          0          0          0          0          0          0          0          0          0     0.0000E+00 0.0000E+00      0      0.0000E+00
6685.000000    48.600000        0          0          0          0          0          0          0          0          0          0          0          0          0          0     0.5410E-07 0.0000E+00      0      0.5410E-07
6685.000000    52.200000        0          0          0          0          0          0          0          0          0          0          0          0          0          0     0.9838E-07 0.0000E+00      0      0.9838E-07
6685.000000    55.800000        0          0          0          0          0          0          0          0          0          0          0          0          0          0     0.1465E-09 0.0000E+00      0      0.1465E-09
6685.000000    59.400000        0          0          0          0          0          0          0          0          0          0          0          0          0          0     0.0000E+00 0.0000E+00      0      0.0000E+00
6685.000000    63.000000        0          0          0          0          0          0          0          0          0          0          0          0          0          0     0.1546E-08 0.0000E+00      0      0.1546E-08
6685.000000    66.600000        0          0          0          0          0          0          0          0          0          0          0          0          0          0     0.3775E-09 0.0000E+00      0      0.3775E-09
6685.000000    70.200000        0          0          0          0          0          0          0          0          0          0          0          0          0          0     0.0000E+00 0.0000E+00      0      0.0000E+00
6685.000000    73.800000        0          0          0          0          0          0          0          0          0          0          0          0          0          0     0.7134E-07 0.0000E+00      0      0.7134E-07
6685.000000    77.400000        0          0          0          0          0          0          0          0          0          0          0          0          0          0     0.1364E-09 0.0000E+00      0      0.1364E-09
6685.000000    81.000000        0          0          0          0          0          0          0          0          0          0          0          0          0          0     0.3940E-07 0.0000E+00      0      0.3940E-07
6685.000000    84.600000        0          0          0          0          0          0          0          0          0          0          0          0          0          0     0.9868E-07 0.0000E+00      0      0.9868E-07
6685.000000    88.200000        0          0          0          0          0          0          0          0          0          0          0          0          0          0     0.0000E+00 0.0000E+00      0      0.0000E+00
6685.000000    91.800000        0          0          0          0          0          0          0          0          0          0          0          0          0          0     0.0000E+00 0.0000E+00      0      0.0000E+00
6685.000000    95.400000        0          0          0          0          0          0          0          0          0          0          0          0          0          0     0.1771E-08 0.0000E+00      0      0.1771E-08
6685.000000    99.000000        0          0          0          0          0          0          0          0          0          0          0          0          0          0     0.5432E-07 0.0000E+00      0      0.5432E-07
6685.000000   102.600000        0          0          0          0          0          0          0          0          0          0          0          0          0          0     0.0000E+00 0.0000E+00      0      0.0000E+00
6685.000000   106.200000        0          0          0          0          0          0          0          0          0          0          0          0          0          0     0.0000E+00 0.0000E+00      0      0.0000E+00
6685.000000   109.800000        0          0          0          0          0          0          0          0          0          0          0          0          0          0     0.0000E+00 0.0000E+00      0      0.0000E+00
6685.000000   113.400000        0          0          0          0          0          0          0          0          0          0          0          0          0          0     0.0000E+00 0.0000E+00      0      0.0000E+00
6685.000000   117.000000        0          0          0          0          0          0          0          0          0          0          0          0          0          0     0.0000E+00 0.0000E+00      0      0.0000E+00
6685.000000   120.600000        0          0          0          0          0          0          0          0          0          0          0          0          0          0     0.0000E+00 0.0000E+00      0      0.0000E+00
6685.000000   124.200000        0          0          0          0          0          0          0          0          0          0          0          0          0          0     0.0000E+00 0.0000E+00      0      0.0000E+00
6685.000000   127.800000        0          0          0          0          0          0          0          0          0          0          0          0          0          0     0.0000E+00 0.0000E+00      0      0.0000E+00
6685.000000   131.400000        0          0          0          0          0          0          0          0          0          0          0          0          0          0     0.0000E+00 0.0000E+00      0      0.0000E+00
6685.000000   135.000000        0          0          0          0          0          0          0          0          0          0          0          0          0          0     0.0000E+00 0.0000E+00      0      0.0000E+00
6685.000000   138.600000        0          0          0          0          0          0          0          0          0          0          0          0          0          0     0.0000E+00 0.0000E+00      0      0.0000E+00
6685.000000   142.200000        0          0          0          0          0          0          0          0          0          0          0          0          0          0     0.0000E+00 0.0000E+00      0      0.0000E+00
6685.000000   145.800000        0          0          0          0          0          0          0          0          0          0          0          0          0          0     0.0000E+00 0.0000E+00      0      0.0000E+00
6685.000000   149.400000        0          0          0          0          0          0          0          0          0          0          0          0          0          0     0.0000E+00 0.0000E+00      0      0.0000E+00
6685.000000   153.000000        0          0          0          0          0          0          0          0          0          0          0          0          0          0     0.0000E+00 0.0000E+00      0      0.0000E+00
6685.000000   156.600000        0          0          0          0          0          0          0          0          0          0          0          0          0          0     0.0000E+00 0.0000E+00      0      0.0000E+00
6685.000000   160.200000        0          0          0          0          0          0          0          0          0          0          0          0          0          0     0.0000E+00 0.0000E+00      0      0.0000E+00
6685.000000   163.800000        0          0          0          0          0          0          0          0          0          0          0          0          0          0     0.0000E+00 0.0000E+00      0      0.0000E+00
6685.000000   167.400000        0          0          0          0          0          0          0          0          0          0          0          0          0          0     0.0000E+00 0.0000E+00      0      0.0000E+00
6685.000000   171.000000        0          0          0          0          0          0          0          0          0          0          0          0          0          0     0.0000E+00 0.0000E+00      0      0.0000E+00
6685.000000   174.600000        0          0          0          0          0          0          0          0          0          0          0          0          0          0     0.0000E+00 0.0000E+00      0      0.0000E+00
6685.000000   178.200000        0          0          0          0          0          0          0          0          0          0          0          0          0          0     0.0000E+00 0.0000E+00      0      0.0000E+00