 36 36 +3.9860043600D+05  N  M  MU        MODEL: GEM-T1
  0  1  6.3781370000D+03  -  -  AE
 0   2 -4.3153513220D+02  C( 2, 0)*MU
 0   3 +1.0095004160D+00  C( 3, 0)*MU
 0   4 +6.4421666390D-01  C( 4, 0)*MU
 0   5 +9.0927930010D-02  C( 5, 0)*MU
 0   6 -2.1284606360D-01  C( 6, 0)*MU
 0   7 +1.3976347720D-01  C( 7, 0)*MU
 0   8 +7.5439166290D-02  C( 8, 0)*MU
 0   9 +4.9302766590D-02  C( 9, 0)*MU
 0  10 +1.0452094310D-01  C(10, 0)*MU
 0  11 -9.7993213810D-02  C(11, 0)*MU
 0  12 +6.3936626660D-02  C(12, 0)*MU
 0  13 +8.7470196400D-02  C(13, 0)*MU
 0  14 -4.2356721710D-02  C(14, 0)*MU
 0  15 +4.1569944570D-03  C(15, 0)*MU
 0  16 -2.1471874290D-02  C(16, 0)*MU
 0  17 +4.8098679350D-02  C(17, 0)*MU
 0  18 +2.7376640880D-02  C(18, 0)*MU
 0  19 -1.1471489000D-02  C(19, 0)*MU
 0  20 +3.9088287740D-02  C(20, 0)*MU
 0  21 +2.5551050500D-02  C(21, 0)*MU
 0  22 -1.2952383070D-02  C(22, 0)*MU
 0  23 -6.5928437370D-02  C(23, 0)*MU
 0  24 -2.6662647150D-03  C(24, 0)*MU
 0  25 +1.9603430800D-02  C(25, 0)*MU
 0  26 +5.3367022960D-03  C(26, 0)*MU
 0  27 +1.2189133000D-02  C(27, 0)*MU
 0  28 -1.7617266070D-02  C(28, 0)*MU
 0  29 -1.1968557020D-02  C(29, 0)*MU
 0  30 -8.5575087160D-04  C(30, 0)*MU
 0  31 +1.6184045690D-02  C(31, 0)*MU
 0  32 +2.6310757230D-04  C(32, 0)*MU
 0  33 +7.2713393610D-03  C(33, 0)*MU
 0  34 -8.2123571470D-03  C(34, 0)*MU
 0  35 +4.2758813500D-03  C(35, 0)*MU
 0  36 +2.5187903080D-03  C(36, 0)*MU
 1   1 +0.0000000000D-01  C( 1, 1)*MU
 2   1 +0.0000000000D-01  S( 1, 1)*MU
 1   2 +0.0000000000D-01  C( 2, 1)*MU
 2   2 +0.0000000000D-01  S( 2, 1)*MU
 1   3 +6.2752514470D-01  C( 2, 2)*MU
 2   3 -3.6017242420D-01  S( 2, 2)*MU
 1   4 +8.7389406440D-01  C( 3, 1)*MU
 2   4 +1.0745989350D-01  S( 3, 1)*MU
 1   5 +1.2301637530D-01  C( 3, 2)*MU
 2   5 -8.4468898710D-02  S( 3, 2)*MU
 1   6 +4.0074005050D-02  C( 3, 3)*MU
 2   6 +7.8547030000D-02  S( 3, 3)*MU
 1   7 -2.0171314550D-01  C( 4, 1)*MU
 2   7 -1.7966411580D-01  S( 4, 1)*MU
 1   8 +3.0928214880D-02  C( 4, 2)*MU
 2   8 +5.9184877260D-02  S( 4, 2)*MU
 1   9 +2.3606017640D-02  C( 4, 3)*MU
 2   9 -4.7789909670D-03  S( 4, 3)*MU
 1  10 -1.6004676590D-03  C( 4, 4)*MU
 2  10 +2.5978375220D-03  S( 4, 4)*MU
 1  11 -2.0122159170D-02  C( 5, 1)*MU
 2  11 -3.2612903480D-02  S( 5, 1)*MU
 1  12 +4.2303317480D-02  C( 5, 2)*MU
 2  12 -2.0862050550D-02  S( 5, 2)*MU
 1  13 -5.9017277500D-03  C( 5, 3)*MU
 2  13 -2.8328110380D-03  S( 5, 3)*MU
 1  14 -9.1501846330D-04  C( 5, 4)*MU
 2  14 +1.6265645070D-04  S( 5, 4)*MU
 1  15 +1.7445866740D-04  C( 5, 5)*MU
 2  15 -6.5367241310D-04  S( 5, 5)*MU
 1  16 -2.5520624990D-02  C( 6, 1)*MU
 2  16 +7.4923293720D-03  S( 6, 1)*MU
 1  17 +2.5591757680D-03  C( 6, 2)*MU
 2  17 -1.8594991270D-02  S( 6, 2)*MU
 1  18 +5.1216090360D-04  C( 6, 3)*MU
 2  18 +3.8372107280D-05  S( 6, 3)*MU
 1  19 -1.4002128550D-04  C( 6, 4)*MU
 2  19 -7.1416869740D-04  S( 6, 4)*MU
 1  20 -8.5495710450D-05  C( 6, 5)*MU
 2  20 -1.7299150570D-04  S( 6, 5)*MU
 1  21 +8.4130047600D-07  C( 6, 6)*MU
 2  21 -2.1947393140D-05  S( 6, 6)*MU
 1  22 +8.0841884910D-02  C( 7, 1)*MU
 2  22 +2.8537899440D-02  S( 7, 1)*MU
 1  23 +1.2613612130D-02  C( 7, 2)*MU
 2  23 +3.6369905710D-03  S( 7, 2)*MU
 1  24 +1.4078329730D-03  C( 7, 3)*MU
 2  24 -1.1743816520D-03  S( 7, 3)*MU
 1  25 -2.3170485200D-04  C( 7, 4)*MU
 2  25 -1.0328322400D-04  S( 7, 4)*MU
 1  26 +4.9022677350D-07  C( 7, 5)*MU
 2  26 +2.7723584030D-06  S( 7, 5)*MU
 1  27 -9.9006222960D-06  C( 7, 6)*MU
 2  27 +4.1753979540D-06  S( 7, 6)*MU
 1  28 +1.1813085960D-08  C( 7, 7)*MU
 2  28 +1.6268300770D-07  S( 7, 7)*MU
 1  29 +7.9040172780D-03  C( 8, 1)*MU
 2  29 +1.4989086030D-02  S( 8, 1)*MU
 1  30 +2.3041549610D-03  C( 8, 2)*MU
 2  30 +2.2409457180D-03  S( 8, 2)*MU
 1  31 -8.0461803660D-05  C( 8, 3)*MU
 2  31 -3.5034271180D-04  S( 8, 3)*MU
 1  32 -1.2801540630D-04  C( 8, 4)*MU
 2  32 +3.5244664010D-05  S( 8, 4)*MU
 1  33 -1.7988507300D-06  C( 8, 5)*MU
 2  33 +6.1540834360D-06  S( 8, 5)*MU
 1  34 -7.3938824230D-07  C( 8, 6)*MU
 2  34 +3.4825680710D-06  S( 8, 6)*MU
 1  35 +1.4313743410D-07  C( 8, 7)*MU
 2  35 +1.5215708180D-07  S( 8, 7)*MU
 1  36 -6.0406847080D-08  C( 8, 8)*MU
 2  36 +6.2159499860D-08  S( 8, 8)*MU
 1  37 +3.8344332470D-02  C( 9, 1)*MU
 2  37 +6.3521363620D-03  S( 9, 1)*MU
 1  38 +8.5968084120D-04  C( 9, 2)*MU
 2  38 -8.9423957850D-04  S( 9, 2)*MU
 1  39 -4.6806505200D-04  C( 9, 3)*MU
 2  39 -2.5309763870D-04  S( 9, 3)*MU
 1  40 -4.3763993990D-06  C( 9, 4)*MU
 2  40 +7.9352214210D-06  S( 9, 4)*MU
 1  41 -5.7534089850D-07  C( 9, 5)*MU
 2  41 -2.4487010870D-06  S( 9, 5)*MU
 1  42 +3.7119862290D-07  C( 9, 6)*MU
 2  42 +1.1401735030D-06  S( 9, 6)*MU
 1  43 -9.0116625550D-08  C( 9, 7)*MU
 2  43 -7.6387301310D-08  S( 9, 7)*MU
 1  44 +2.4037027630D-08  C( 9, 8)*MU
 2  44 -2.4095538750D-10  S( 9, 8)*MU
 1  45 -1.7057270840D-09  C( 9, 9)*MU
 2  45 +2.9968110410D-09  S( 9, 9)*MU
 1  46 +1.8956680230D-02  C(10, 1)*MU
 2  46 -3.4016859830D-02  S(10, 1)*MU
 1  47 -1.9083783000D-03  C(10, 2)*MU
 2  47 -1.2166691680D-03  S(10, 2)*MU
 1  48 +3.0489133400D-06  C(10, 3)*MU
 2  48 -3.7528633520D-04  S(10, 3)*MU
 1  49 -2.2845051620D-05  C(10, 4)*MU
 2  49 -1.6288243300D-05  S(10, 4)*MU
 1  50 -1.2481849280D-06  C(10, 5)*MU
 2  50 -1.0845367840D-06  S(10, 5)*MU
 1  51 -9.6105012210D-08  C(10, 6)*MU
 2  51 -2.1502292770D-07  S(10, 6)*MU
 1  52 +3.2701300600D-09  C(10, 7)*MU
 2  52 -1.4393680220D-09  S(10, 7)*MU
 1  53 +1.9973466960D-09  C(10, 8)*MU
 2  53 -4.2223898110D-09  S(10, 8)*MU
 1  54 +9.4936720120D-10  C(10, 9)*MU
 2  54 -3.5689128220D-10  S(10, 9)*MU
 1  55 +1.5660502090D-10  C(10,10)*MU
 2  55 -3.3295367860D-11  S(10,10)*MU
 1  56 +2.2358264090D-03  C(11, 1)*MU
 2  56 -6.5440794320D-03  S(11, 1)*MU
 1  57 +1.8685537040D-04  C(11, 2)*MU
 2  57 -2.0480992780D-03  S(11, 2)*MU
 1  58 -5.3114515180D-05  C(11, 3)*MU
 2  58 -2.4359959320D-04  S(11, 3)*MU
 1  59 -5.5739339290D-06  C(11, 4)*MU
 2  59 -1.1749041560D-05  S(11, 4)*MU
 1  60 +7.2806050690D-07  C(11, 5)*MU
 2  60 +8.7675700630D-07  S(11, 5)*MU
 1  61 +1.3303788090D-08  C(11, 6)*MU
 2  61 +3.8143245620D-08  S(11, 6)*MU
 1  62 +1.5905299730D-09  C(11, 7)*MU
 2  62 -1.5209531810D-08  S(11, 7)*MU
 1  63 -1.2062046790D-10  C(11, 8)*MU
 2  63 +4.2876667490D-10  S(11, 8)*MU
 1  64 -9.5048997180D-11  C(11, 9)*MU
 2  64 +9.8744236280D-11  S(11, 9)*MU
 1  65 -1.9689451340D-11  C(11,10)*MU
 2  65 -6.6614352560D-12  S(11,10)*MU
 1  66 +4.3811788230D-12  C(11,11)*MU
 2  66 -4.4131527740D-12  S(11,11)*MU
 1  67 -1.1116398930D-02  C(12, 1)*MU
 2  67 -1.1204613780D-02  S(12, 1)*MU
 1  68 +1.3892964810D-04  C(12, 2)*MU
 2  68 +6.3497012910D-04  S(12, 2)*MU
 1  69 +4.8135458490D-05  C(12, 3)*MU
 2  69 +2.6642077290D-05  S(12, 3)*MU
 1  70 -8.0797792830D-06  C(12, 4)*MU
 2  70 -3.7273199840D-07  S(12, 4)*MU
 1  71 +3.2469996010D-07  C(12, 5)*MU
 2  71 -1.5644051640D-08  S(12, 5)*MU
 1  72 +1.3120000620D-09  C(12, 6)*MU
 2  72 +4.3320034320D-08  S(12, 6)*MU
 1  73 -1.1240505670D-09  C(12, 7)*MU
 2  73 +3.0832464550D-09  S(12, 7)*MU
 1  74 -1.8782996780D-10  C(12, 8)*MU
 2  74 +1.4964797990D-10  S(12, 8)*MU
 1  75 +4.5336808300D-11  C(12, 9)*MU
 2  75 +1.2771277420D-11  S(12, 9)*MU
 1  76 -1.0851702960D-12  C(12,10)*MU
 2  76 +3.7663060210D-12  S(12,10)*MU
 1  77 +9.4910978260D-14  C(12,11)*MU
 2  77 -1.6693149820D-13  S(12,11)*MU
 1  78 -1.2624142920D-14  C(12,12)*MU
 2  78 -4.2210256910D-14  S(12,12)*MU
 1  79 -1.1737850170D-02  C(13, 1)*MU
 2  79 +9.4350307780D-03  S(13, 1)*MU
 1  80 +8.6476307260D-04  C(13, 2)*MU
 2  80 -9.3189664740D-04  S(13, 2)*MU
 1  81 -1.7109457700D-05  C(13, 3)*MU
 2  81 +1.0205442580D-04  S(13, 3)*MU
 1  82 -8.2501904650D-07  C(13, 4)*MU
 2  82 -3.4912168290D-08  S(13, 4)*MU
 1  83 +4.3822709100D-07  C(13, 5)*MU
 2  83 +4.2226391740D-07  S(13, 5)*MU
 1  84 -1.3347408100D-08  C(13, 6)*MU
 2  84 -7.0567710380D-09  S(13, 6)*MU
 1  85 +1.8007074430D-10  C(13, 7)*MU
 2  85 -3.3343156040D-10  S(13, 7)*MU
 1  86 -5.5199079170D-11  C(13, 8)*MU
 2  86 -4.9794452010D-11  S(13, 8)*MU
 1  87 +8.7240438230D-12  C(13, 9)*MU
 2  87 +1.9595303120D-11  S(13, 9)*MU
 1  88 +1.9323197540D-12  C(13,10)*MU
 2  88 -1.6973995550D-12  S(13,10)*MU
 1  89 -2.1135935700D-13  C(13,11)*MU
 2  89 +2.8931813200D-14  S(13,11)*MU
 1  90 -2.0828677190D-14  C(13,12)*MU
 2  90 +6.4265311730D-14  S(13,12)*MU
 1  91 -8.9772106070D-15  C(13,13)*MU
 2  91 +9.9570459830D-15  S(13,13)*MU
 1  92 -3.9269547970D-03  C(14, 1)*MU
 2  92 +4.8650348190D-03  S(14, 1)*MU
 1  93 -5.0563987390D-04  C(14, 2)*MU
 2  93 -8.8138562240D-05  S(14, 2)*MU
 1  94 +3.7556735780D-05  C(14, 3)*MU
 2  94 +2.2802067830D-05  S(14, 3)*MU
 1  95 -6.3836191040D-07  C(14, 4)*MU
 2  95 +1.3574790090D-07  S(14, 4)*MU
 1  96 +1.1951683880D-07  C(14, 5)*MU
 2  96 -6.0860479440D-08  S(14, 5)*MU
 1  97 -1.2454031000D-09  C(14, 6)*MU
 2  97 +2.5448112290D-09  S(14, 6)*MU
 1  98 +1.1301730620D-09  C(14, 7)*MU
 2  98 -1.3142098720D-10  S(14, 7)*MU
 1  99 -8.0034837800D-11  C(14, 8)*MU
 2  99 -3.2025520420D-11  S(14, 8)*MU
 1 100 +7.6856635350D-12  C(14, 9)*MU
 2 100 +3.7089709470D-12  S(14, 9)*MU
 1 101 +6.9847463630D-13  C(14,10)*MU
 2 101 -5.2800542920D-14  S(14,10)*MU
 1 102 +1.5261825600D-14  C(14,11)*MU
 2 102 -7.8090833750D-14  S(14,11)*MU
 1 103 +1.9171578260D-15  C(14,12)*MU
 2 103 -6.8550833970D-15  S(14,12)*MU
 1 104 +9.1733893150D-16  C(14,13)*MU
 2 104 +1.2981452120D-15  S(14,13)*MU
 1 105 -2.7799537040D-16  C(14,14)*MU
 2 105 -3.5042991970D-17  S(14,14)*MU
 1 106 +1.6788534000D-03  C(15, 1)*MU
 2 106 +2.8793634610D-03  S(15, 1)*MU
 1 107 -2.8399598710D-04  C(15, 2)*MU
 2 107 -4.7857205550D-04  S(15, 2)*MU
 1 108 +3.8311589340D-05  C(15, 3)*MU
 2 108 +2.2788175690D-05  S(15, 3)*MU
 1 109 -2.5229704460D-06  C(15, 4)*MU
 2 109 +7.1873220400D-07  S(15, 4)*MU
 1 110 +6.1614261650D-08  C(15, 5)*MU
 2 110 +4.1728813560D-08  S(15, 5)*MU
 1 111 +7.2030916040D-09  C(15, 6)*MU
 2 111 -1.3677230180D-08  S(15, 6)*MU
 1 112 +1.2540680790D-09  C(15, 7)*MU
 2 112 +2.1532193560D-10  S(15, 7)*MU
 1 113 -5.6355106950D-11  C(15, 8)*MU
 2 113 +3.4274412870D-11  S(15, 8)*MU
 1 114 +1.4374086430D-12  C(15, 9)*MU
 2 114 +4.3855996890D-12  S(15, 9)*MU
 1 115 +8.3742491450D-14  C(15,10)*MU
 2 115 +1.4038454160D-13  S(15,10)*MU
 1 116 +1.3147057940D-15  C(15,11)*MU
 2 116 +2.2151905730D-14  S(15,11)*MU
 1 117 -2.0873293920D-15  C(15,12)*MU
 2 117 +9.1998915360D-16  S(15,12)*MU
 1 118 -2.2592432050D-16  C(15,13)*MU
 2 118 -4.0055608290D-17  S(15,13)*MU
 1 119 +6.5132931610D-18  C(15,14)*MU
 2 119 -2.7035077890D-17  S(15,14)*MU
 1 120 -3.4870419840D-18  C(15,15)*MU
 2 120 -1.5581275900D-18  S(15,15)*MU
 1 121 +6.2261679720D-03  C(16, 1)*MU
 2 121 +3.4064874690D-03  S(16, 1)*MU
 1 122 -1.8693153870D-04  C(16, 2)*MU
 2 122 +2.9327395550D-04  S(16, 2)*MU
 1 123 -2.3506776230D-05  C(16, 3)*MU
 2 123 -3.2989646780D-05  S(16, 3)*MU
 1 124 +1.6590325840D-06  C(16, 4)*MU
 2 124 +1.9927109150D-06  S(16, 4)*MU
 1 125 -2.2108938700D-08  C(16, 5)*MU
 2 125 -4.8008058660D-09  S(16, 5)*MU
 1 126 +3.3109808990D-09  C(16, 6)*MU
 2 126 -4.9280563320D-09  S(16, 6)*MU
 1 127 +3.7016467980D-11  C(16, 7)*MU
 2 127 -1.1008488160D-10  S(16, 7)*MU
 1 128 -1.1092732030D-11  C(16, 8)*MU
 2 128 +1.8824431030D-12  S(16, 8)*MU
 1 129 -9.6751276370D-13  C(16, 9)*MU
 2 129 -2.9759313940D-12  S(16, 9)*MU
 1 130 -4.5072780680D-14  C(16,10)*MU
 2 130 +2.8581074420D-14  S(16,10)*MU
 1 131 +4.7645436950D-15  C(16,11)*MU
 2 131 -2.1881679750D-15  S(16,11)*MU
 1 132 +5.9990269340D-16  C(16,12)*MU
 2 132 +1.6482874150D-16  S(16,12)*MU
 1 133 +3.4879624740D-17  C(16,13)*MU
 2 133 +1.6362202320D-18  S(16,13)*MU
 1 134 -5.3770196040D-18  C(16,14)*MU
 2 134 -1.0766510120D-17  S(16,14)*MU
 1 135 -4.4752932250D-19  C(16,15)*MU
 2 135 -1.1533073650D-18  S(16,15)*MU
 1 136 -2.0460763370D-19  C(16,16)*MU
 2 136 -2.7578151640D-20  S(16,16)*MU
 1 137 -5.8982032410D-03  C(17, 1)*MU
 2 137 -5.1180464910D-03  S(17, 1)*MU
 1 138 -6.3199963370D-05  C(17, 2)*MU
 2 138 +1.8724641150D-04  S(17, 2)*MU
 1 139 +6.3895122230D-06  C(17, 3)*MU
 2 139 +6.2459136530D-06  S(17, 3)*MU
 1 140 +4.6345067510D-07  C(17, 4)*MU
 2 140 +1.1495980280D-06  S(17, 4)*MU
 1 141 -2.4268185460D-08  C(17, 5)*MU
 2 141 -1.2198221750D-08  S(17, 5)*MU
 1 142 +3.8268628630D-11  C(17, 6)*MU
 2 142 -3.9859147440D-09  S(17, 6)*MU
 1 143 +1.8511279010D-10  C(17, 7)*MU
 2 143 -9.6628090180D-11  S(17, 7)*MU
 1 144 +1.5892495110D-11  C(17, 8)*MU
 2 144 +4.4760019780D-12  S(17, 8)*MU
 1 145 -1.0675468030D-13  C(17, 9)*MU
 2 145 -1.1445706610D-12  S(17, 9)*MU
 1 146 +4.7759636530D-15  C(17,10)*MU
 2 146 +4.5648295860D-14  S(17,10)*MU
 1 147 -2.7730141320D-15  C(17,11)*MU
 2 147 +2.8364003560D-15  S(17,11)*MU
 1 148 +4.2108096970D-16  C(17,12)*MU
 2 148 +2.1201794770D-16  S(17,12)*MU
 1 149 +1.6960612900D-17  C(17,13)*MU
 2 149 +2.0175422920D-17  S(17,13)*MU
 1 150 -1.2014620120D-18  C(17,14)*MU
 2 150 +1.0595157480D-18  S(17,14)*MU
 1 151 +4.5451903190D-20  C(17,15)*MU
 2 151 +5.2860335410D-20  S(17,15)*MU
 1 152 -3.2897577040D-20  C(17,16)*MU
 2 152 +2.1330826320D-21  S(17,16)*MU
 1 153 -7.4357279320D-21  C(17,17)*MU
 2 153 -4.0028167140D-21  S(17,17)*MU
 1 154 -4.1774041610D-05  C(18, 1)*MU
 2 154 -8.4558546060D-03  S(18, 1)*MU
 1 155 +8.4548809590D-05  C(18, 2)*MU
 2 155 +1.6936159060D-04  S(18, 2)*MU
 1 156 -5.4966104260D-07  C(18, 3)*MU
 2 156 -3.8664754800D-06  S(18, 3)*MU
 1 157 +1.3110850460D-06  C(18, 4)*MU
 2 157 +1.8397703150D-07  S(18, 4)*MU
 1 158 +2.9325382750D-09  C(18, 5)*MU
 2 158 +3.5554727970D-08  S(18, 5)*MU
 1 159 +2.9724269730D-09  C(18, 6)*MU
 2 159 -8.1524133020D-10  S(18, 6)*MU
 1 160 -4.3767096210D-12  C(18, 7)*MU
 2 160 +3.6941195030D-11  S(18, 7)*MU
 1 161 +1.4870425470D-11  C(18, 8)*MU
 2 161 +1.4003120600D-13  S(18, 8)*MU
 1 162 -2.6765372030D-13  C(18, 9)*MU
 2 162 +3.8093694510D-13  S(18, 9)*MU
 1 163 +1.1230316250D-14  C(18,10)*MU
 2 163 -1.3544028060D-14  S(18,10)*MU
 1 164 -1.0477811400D-15  C(18,11)*MU
 2 164 -4.8878859250D-17  S(18,11)*MU
 1 165 -1.4790794450D-16  C(18,12)*MU
 2 165 -9.3360623220D-17  S(18,12)*MU
 1 166 -2.7261829140D-18  C(18,13)*MU
 2 166 -1.4562020840D-17  S(18,13)*MU
 1 167 -3.0398549820D-19  C(18,14)*MU
 2 167 -3.5825522160D-19  S(18,14)*MU
 1 168 -1.0763179300D-19  C(18,15)*MU
 2 168 -5.6505738780D-20  S(18,15)*MU
 1 169 +2.7623479220D-21  C(18,16)*MU
 2 169 +1.4117833690D-21  S(18,16)*MU
 1 170 +2.0624069550D-22  C(18,17)*MU
 2 170 +2.9570318790D-22  S(18,17)*MU
 1 171 -2.5013401320D-23  C(18,18)*MU
 2 171 -2.8473197120D-23  S(18,18)*MU
 1 172 -2.0937958110D-03  C(19, 1)*MU
 2 172 +9.7092938280D-04  S(19, 1)*MU
 1 173 +7.8366619380D-05  C(19, 2)*MU
 2 173 -9.7291921460D-05  S(19, 2)*MU
 1 174 +6.9118174300D-07  C(19, 3)*MU
 2 174 +6.8181024730D-06  S(19, 3)*MU
 1 175 +6.4342213700D-08  C(19, 4)*MU
 2 175 +1.9215289660D-07  S(19, 4)*MU
 1 176 -3.2272857130D-09  C(19, 5)*MU
 2 176 +2.2932857660D-08  S(19, 5)*MU
 1 177 -4.4115657350D-10  C(19, 6)*MU
 2 177 +2.7627415890D-10  S(19, 6)*MU
 1 178 +1.9736670250D-11  C(19, 7)*MU
 2 178 -6.3764760610D-12  S(19, 7)*MU
 1 179 +3.1678721310D-12  C(19, 8)*MU
 2 179 -2.4143343020D-12  S(19, 8)*MU
 1 180 +2.1333366370D-14  C(19, 9)*MU
 2 180 +1.0516689250D-13  S(19, 9)*MU
 1 181 -2.5213532010D-14  C(19,10)*MU
 2 181 -1.8939402270D-15  S(19,10)*MU
 1 182 +7.1529316550D-16  C(19,11)*MU
 2 182 +5.8484096950D-16  S(19,11)*MU
 1 183 +8.8296625530D-18  C(19,12)*MU
 2 183 +1.1931516170D-17  S(19,12)*MU
 1 184 -1.1213523730D-18  C(19,13)*MU
 2 184 -5.3717454810D-18  S(19,13)*MU
 1 185 -6.7039738540D-20  C(19,14)*MU
 2 185 -1.6547922560D-19  S(19,14)*MU
 1 186 -1.8384355880D-20  C(19,15)*MU
 2 186 -1.2814895730D-20  S(19,15)*MU
 1 187 -1.6884991320D-21  C(19,16)*MU
 2 187 -1.0122265210D-21  S(19,16)*MU
 1 188 +2.2811315690D-22  C(19,17)*MU
 2 188 -8.8839818800D-23  S(19,17)*MU
 1 189 +2.0540327030D-23  C(19,18)*MU
 2 189 -2.9539916510D-24  S(19,18)*MU
 1 190 +9.9498386000D-25  C(19,19)*MU
 2 190 +1.6046287700D-24  S(19,19)*MU
 1 191 +2.5559070160D-03  C(20, 1)*MU
 2 191 -3.7463634000D-03  S(20, 1)*MU
 1 192 +1.7123294180D-04  C(20, 2)*MU
 2 192 +2.7790045830D-05  S(20, 2)*MU
 1 193 +3.5009972770D-06  C(20, 3)*MU
 2 193 +5.8067046950D-06  S(20, 3)*MU
 1 194 -3.7625533230D-08  C(20, 4)*MU
 2 194 +1.7358231920D-08  S(20, 4)*MU
 1 195 -1.0918560850D-08  C(20, 5)*MU
 2 195 +3.1798033920D-10  S(20, 5)*MU
 1 196 +6.7719269030D-10  C(20, 6)*MU
 2 196 +5.1275488590D-11  S(20, 6)*MU
 1 197 -2.1266792350D-11  C(20, 7)*MU
 2 197 +1.3363520460D-11  S(20, 7)*MU
 1 198 -2.8769962250D-13  C(20, 8)*MU
 2 198 -1.8473599520D-13  S(20, 8)*MU
 1 199 +1.7495173880D-13  C(20, 9)*MU
 2 199 +5.5487352980D-14  S(20, 9)*MU
 1 200 -9.4652978790D-15  C(20,10)*MU
 2 200 -3.4165304840D-15  S(20,10)*MU
 1 201 +2.7284020120D-16  C(20,11)*MU
 2 201 -5.7380862050D-16  S(20,11)*MU
 1 202 -5.7338273960D-18  C(20,12)*MU
 2 202 +2.4440774030D-17  S(20,12)*MU
 1 203 +2.3173935910D-18  C(20,13)*MU
 2 203 +4.2534763040D-19  S(20,13)*MU
 1 204 +5.8187065300D-20  C(20,14)*MU
 2 204 -6.6299186040D-20  S(20,14)*MU
 1 205 -8.8415931930D-21  C(20,15)*MU
 2 205 -1.6083115740D-22  S(20,15)*MU
 1 206 -3.0930385610D-22  C(20,16)*MU
 2 206 +4.9051808460D-23  S(20,16)*MU
 1 207 +1.0231945950D-23  C(20,17)*MU
 2 207 -2.1394924410D-23  S(20,17)*MU
 1 208 +2.3608427390D-24  C(20,18)*MU
 2 208 +2.9068858480D-25  S(20,18)*MU
 1 209 -1.7938677420D-25  C(20,19)*MU
 2 209 +2.1377083420D-25  S(20,19)*MU
 1 210 +6.8270935290D-27  C(20,20)*MU
 2 210 -5.3965939870D-26  S(20,20)*MU
 1 211 -2.6474147210D-03  C(21, 1)*MU
 2 211 +7.1792547060D-03  S(21, 1)*MU
 1 212 +7.9172547540D-06  C(21, 2)*MU
 2 212 -2.0901895800D-05  S(21, 2)*MU
 1 213 +7.4876536830D-07  C(21, 3)*MU
 2 213 +8.5208733370D-06  S(21, 3)*MU
 1 214 -4.5134645510D-09  C(21, 4)*MU
 2 214 +1.2371971470D-07  S(21, 4)*MU
 1 215 +1.4952492430D-08  C(21, 5)*MU
 2 215 -1.3379531780D-08  S(21, 5)*MU
 1 216 +1.7072793820D-10  C(21, 6)*MU
 2 216 -3.3824754000D-10  S(21, 6)*MU
 1 217 -2.4169828350D-11  C(21, 7)*MU
 2 217 -2.7786303300D-12  S(21, 7)*MU
 1 218 -1.7756450910D-12  C(21, 8)*MU
 2 218 +2.4728374490D-13  S(21, 8)*MU
 1 219 +8.6037279830D-14  C(21, 9)*MU
 2 219 -4.6649898180D-14  S(21, 9)*MU
 1 220 +9.4114879560D-16  C(21,10)*MU
 2 220 +4.7274790160D-16  S(21,10)*MU
 1 221 +1.2739697980D-16  C(21,11)*MU
 2 221 -5.0493357830D-16  S(21,11)*MU
 1 222 +2.1337057180D-18  C(21,12)*MU
 2 222 +9.6018608300D-18  S(21,12)*MU
 1 223 -7.8488451370D-19  C(21,13)*MU
 2 223 +5.0096315490D-19  S(21,13)*MU
 1 224 +4.8471901940D-20  C(21,14)*MU
 2 224 +2.2458172840D-20  S(21,14)*MU
 1 225 +2.7028983020D-21  C(21,15)*MU
 2 225 +2.4367186080D-21  S(21,15)*MU
 1 226 +9.5318350880D-23  C(21,16)*MU
 2 226 -5.6268739870D-23  S(21,16)*MU
 1 227 -5.3416399940D-24  C(21,17)*MU
 2 227 +6.6482319040D-25  S(21,17)*MU
 1 228 +1.0670022220D-24  C(21,18)*MU
 2 228 -4.1646273890D-25  S(21,18)*MU
 1 229 -1.2125356090D-25  C(21,19)*MU
 2 229 +9.1897258830D-26  S(21,19)*MU
 1 230 -1.2169287850D-26  C(21,20)*MU
 2 230 +1.1846501880D-26  S(21,20)*MU
 1 231 +2.4431950320D-28  C(21,21)*MU
 2 231 -6.7562106860D-28  S(21,21)*MU
 1 232 +1.4111783480D-03  C(22, 1)*MU
 2 232 -2.4753638490D-03  S(22, 1)*MU
 1 233 -1.0702263490D-04  C(22, 2)*MU
 2 233 +1.5693109780D-05  S(22, 2)*MU
 1 234 +2.2521521070D-06  C(22, 3)*MU
 2 234 -2.7095629040D-06  S(22, 3)*MU
 1 235 -1.4232298600D-07  C(22, 4)*MU
 2 235 +2.5176540830D-07  S(22, 4)*MU
 1 236 -3.1667145060D-09  C(22, 5)*MU
 2 236 -8.5925721880D-11  S(22, 5)*MU
 1 237 +4.5817157320D-10  C(22, 6)*MU
 2 237 +7.6272510150D-11  S(22, 6)*MU
 1 238 +1.8547292650D-11  C(22, 7)*MU
 2 238 +1.8966057360D-12  S(22, 7)*MU
 1 239 -6.7301845380D-13  C(22, 8)*MU
 2 239 -4.6799955710D-13  S(22, 8)*MU
 1 240 +4.1168757520D-14  C(22, 9)*MU
 2 240 -3.1201133840D-14  S(22, 9)*MU
 1 241 +8.0770069670D-16  C(22,10)*MU
 2 241 +3.2885844260D-15  S(22,10)*MU
 1 242 -7.6000948390D-17  C(22,11)*MU
 2 242 -1.4899795580D-16  S(22,11)*MU
 1 243 +3.1181668660D-18  C(22,12)*MU
 2 243 -3.2879110350D-18  S(22,12)*MU
 1 244 -3.7973278630D-19  C(22,13)*MU
 2 244 +3.9989706820D-19  S(22,13)*MU
 1 245 +1.0865944150D-20  C(22,14)*MU
 2 245 +1.2749127630D-20  S(22,14)*MU
 1 246 +2.0215805630D-21  C(22,15)*MU
 2 246 +2.2456202240D-22  S(22,15)*MU
 1 247 +3.9595901480D-25  C(22,16)*MU
 2 247 -2.1857558590D-23  S(22,16)*MU
 1 248 +4.0048424730D-24  C(22,17)*MU
 2 248 -3.2269322330D-24  S(22,17)*MU
 1 249 +1.4419964310D-25  C(22,18)*MU
 2 249 -2.1114899070D-25  S(22,18)*MU
 1 250 +1.0603420300D-26  C(22,19)*MU
 2 250 -7.5192463820D-27  S(22,19)*MU
 1 251 -1.8996907420D-27  C(22,20)*MU
 2 251 +2.1085209030D-27  S(22,20)*MU
 1 252 -2.0345224710D-28  C(22,21)*MU
 2 252 +1.1689691500D-28  S(22,21)*MU
 1 253 -3.3915373720D-30  C(22,22)*MU
 2 253 +1.0943069150D-29  S(22,22)*MU
 1 254 +1.4239834340D-04  C(23, 1)*MU
 2 254 +2.4010219300D-03  S(23, 1)*MU
 1 255 -3.7266151900D-06  C(23, 2)*MU
 2 255 -1.2470744120D-05  S(23, 2)*MU
 1 256 -1.3699809800D-06  C(23, 3)*MU
 2 256 -3.5856762950D-06  S(23, 3)*MU
 1 257 -1.2960289480D-07  C(23, 4)*MU
 2 257 -2.1565762760D-08  S(23, 4)*MU
 1 258 +1.1167165170D-09  C(23, 5)*MU
 2 258 -4.4469365490D-09  S(23, 5)*MU
 1 259 +2.4508320810D-10  C(23, 6)*MU
 2 259 +1.2149872990D-10  S(23, 6)*MU
 1 260 -2.5270126480D-12  C(23, 7)*MU
 2 260 +2.8710189990D-12  S(23, 7)*MU
 1 261 +2.0570750170D-13  C(23, 8)*MU
 2 261 -3.3117411360D-13  S(23, 8)*MU
 1 262 -8.9587471920D-15  C(23, 9)*MU
 2 262 -2.3115353720D-14  S(23, 9)*MU
 1 263 +2.0672942900D-15  C(23,10)*MU
 2 263 -3.8896431260D-16  S(23,10)*MU
 1 264 +1.8946851680D-17  C(23,11)*MU
 2 264 +6.7337008470D-17  S(23,11)*MU
 1 265 +5.1828508150D-18  C(23,12)*MU
 2 265 -4.0067331630D-18  S(23,12)*MU
 1 266 -1.2622757250D-19  C(23,13)*MU
 2 266 -9.0661885900D-20  S(23,13)*MU
 1 267 +2.8933035750D-21  C(23,14)*MU
 2 267 -2.0536054540D-21  S(23,14)*MU
 1 268 +6.0166605050D-22  C(23,15)*MU
 2 268 -7.7407296640D-23  S(23,15)*MU
 1 269 +9.4184222440D-24  C(23,16)*MU
 2 269 +2.2604488630D-23  S(23,16)*MU
 1 270 -8.2799996720D-25  C(23,17)*MU
 2 270 -7.5804012990D-25  S(23,17)*MU
 1 271 -1.3947708400D-26  C(23,18)*MU
 2 271 -4.6129040200D-26  S(23,18)*MU
 1 272 -4.3855332630D-27  C(23,19)*MU
 2 272 +3.7839053740D-27  S(23,19)*MU
 1 273 +6.6337493910D-28  C(23,20)*MU
 2 273 -3.4844446560D-28  S(23,20)*MU
 1 274 +3.6268211750D-29  C(23,21)*MU
 2 274 +2.5619552010D-29  S(23,21)*MU
 1 275 -3.1919390720D-31  C(23,22)*MU
 2 275 -7.5773213280D-31  S(23,22)*MU
 1 276 +4.4000211330D-32  C(23,23)*MU
 2 276 +1.0574539370D-32  S(23,23)*MU
 1 277 +1.3077230240D-03  C(24, 1)*MU
 2 277 -4.7036822240D-03  S(24, 1)*MU
 1 278 -3.8547201170D-05  C(24, 2)*MU
 2 278 +3.4270017590D-05  S(24, 2)*MU
 1 279 +1.8690041810D-06  C(24, 3)*MU
 2 279 -2.8630695270D-06  S(24, 3)*MU
 1 280 +6.7525848410D-08  C(24, 4)*MU
 2 280 +2.0191538880D-07  S(24, 4)*MU
 1 281 -6.5185207850D-09  C(24, 5)*MU
 2 281 -3.6936748440D-09  S(24, 5)*MU
 1 282 -5.9219124410D-12  C(24, 6)*MU
 2 282 -1.2873387160D-11  S(24, 6)*MU
 1 283 -2.0609988270D-12  C(24, 7)*MU
 2 283 +4.1577127730D-12  S(24, 7)*MU
 1 284 -8.5609082520D-14  C(24, 8)*MU
 2 284 +2.6591724730D-13  S(24, 8)*MU
 1 285 -5.9628117680D-15  C(24, 9)*MU
 2 285 -2.1900411240D-15  S(24, 9)*MU
 1 286 +1.1766834380D-15  C(24,10)*MU
 2 286 +6.3029323660D-16  S(24,10)*MU
 1 287 +3.9023854620D-17  C(24,11)*MU
 2 287 +3.7119907390D-17  S(24,11)*MU
 1 288 +1.7473836840D-18  C(24,12)*MU
 2 288 -1.3473122180D-18  S(24,12)*MU
 1 289 -2.4349199520D-20  C(24,13)*MU
 2 289 -2.5698021940D-21  S(24,13)*MU
 1 290 -6.1277712580D-21  C(24,14)*MU
 2 290 +4.7889728560D-22  S(24,14)*MU
 1 291 +1.6326623540D-22  C(24,15)*MU
 2 291 -2.2516007980D-22  S(24,15)*MU
 1 292 -4.3055593870D-25  C(24,16)*MU
 2 292 +5.5057335780D-24  S(24,16)*MU
 1 293 -4.0987605440D-25  C(24,17)*MU
 2 293 +9.1138976840D-26  S(24,17)*MU
 1 294 +1.2166830200D-26  C(24,18)*MU
 2 294 -1.4328503640D-26  S(24,18)*MU
 1 295 +9.2747667340D-29  C(24,19)*MU
 2 295 -2.6410587320D-27  S(24,19)*MU
 1 296 -7.1872406730D-29  C(24,20)*MU
 2 296 -3.9104860770D-30  S(24,20)*MU
 1 297 +9.3449296310D-30  C(24,21)*MU
 2 297 +9.8950518230D-31  S(24,21)*MU
 1 298 -1.3030712600D-31  C(24,22)*MU
 2 298 -9.8046182760D-32  S(24,22)*MU
 1 299 -1.6632141940D-32  C(24,23)*MU
 2 299 -6.9875744570D-32  S(24,23)*MU
 1 300 +2.6248890150D-33  C(24,24)*MU
 2 300 -1.3584232040D-33  S(24,24)*MU
 1 301 +5.8651065800D-04  C(25, 1)*MU
 2 301 +6.8683360920D-04  S(25, 1)*MU
 1 302 +2.3087140210D-05  C(25, 2)*MU
 2 302 +3.2297058720D-05  S(25, 2)*MU
 1 303 -7.9787019430D-07  C(25, 3)*MU
 2 303 -7.5985391030D-07  S(25, 3)*MU
 1 304 +6.1451598510D-08  C(25, 4)*MU
 2 304 -1.4839953500D-08  S(25, 4)*MU
 1 305 -9.4783983170D-10  C(25, 5)*MU
 2 305 -9.0657472620D-10  S(25, 5)*MU
 1 306 +9.1908301010D-11  C(25, 6)*MU
 2 306 -1.0440655690D-10  S(25, 6)*MU
 1 307 +1.6524945930D-13  C(25, 7)*MU
 2 307 +2.1724567860D-12  S(25, 7)*MU
 1 308 +3.6731265070D-14  C(25, 8)*MU
 2 308 -1.0625746250D-13  S(25, 8)*MU
 1 309 -6.4619504500D-15  C(25, 9)*MU
 2 309 +1.0549849490D-14  S(25, 9)*MU
 1 310 +2.5771442420D-16  C(25,10)*MU
 2 310 -2.0229352190D-16  S(25,10)*MU
 1 311 +1.0873174030D-17  C(25,11)*MU
 2 311 -2.4878083310D-18  S(25,11)*MU
 1 312 -4.7458510940D-19  C(25,12)*MU
 2 312 +9.4275155030D-19  S(25,12)*MU
 1 313 +2.8429672000D-20  C(25,13)*MU
 2 313 -5.8513349460D-20  S(25,13)*MU
 1 314 -3.9074703360D-21  C(25,14)*MU
 2 314 +2.3517257750D-21  S(25,14)*MU
 1 315 -1.6893530160D-23  C(25,15)*MU
 2 315 -1.9280267640D-23  S(25,15)*MU
 1 316 +1.2753900010D-24  C(25,16)*MU
 2 316 -5.3656215880D-24  S(25,16)*MU
 1 317 -1.7917168160D-25  C(25,17)*MU
 2 317 +1.1859956520D-26  S(25,17)*MU
 1 318 -1.5120649480D-27  C(25,18)*MU
 2 318 -1.2406030820D-26  S(25,18)*MU
 1 319 +6.0821671480D-28  C(25,19)*MU
 2 319 +1.4123137640D-28  S(25,19)*MU
 1 320 -1.5045467390D-29  C(25,20)*MU
 2 320 -2.6698722750D-29  S(25,20)*MU
 1 321 +1.4348158480D-30  C(25,21)*MU
 2 321 +8.3491924950D-31  S(25,21)*MU
 1 322 -3.6339644420D-32  C(25,22)*MU
 2 322 -3.4083173710D-32  S(25,22)*MU
 1 323 +7.3913798020D-33  C(25,23)*MU
 2 323 -3.9802948200D-33  S(25,23)*MU
 1 324 +5.8866588710D-34  C(25,24)*MU
 2 324 -6.2978733670D-34  S(25,24)*MU
 1 325 +1.1415982400D-34  C(25,25)*MU
 2 325 +9.2659620060D-35  S(25,25)*MU
 1 326 +7.7042995690D-04  C(26, 1)*MU
 2 326 -2.6721249770D-03  S(26, 1)*MU
 1 327 -3.0961503230D-05  C(26, 2)*MU
 2 327 +1.4764527590D-06  S(26, 2)*MU
 1 328 -5.8153353730D-08  C(26, 3)*MU
 2 328 -8.2582888630D-07  S(26, 3)*MU
 1 329 +4.4960924980D-08  C(26, 4)*MU
 2 329 +4.1367298990D-08  S(26, 4)*MU
 1 330 +1.3912002730D-09  C(26, 5)*MU
 2 330 +3.4441822910D-09  S(26, 5)*MU
 1 331 +1.0655272660D-10  C(26, 6)*MU
 2 331 +3.9891146790D-11  S(26, 6)*MU
 1 332 +2.6483771000D-12  C(26, 7)*MU
 2 332 +1.2546904080D-12  S(26, 7)*MU
 1 333 +5.9032117120D-14  C(26, 8)*MU
 2 333 -4.0909771600D-14  S(26, 8)*MU
 1 334 +1.9180153670D-15  C(26, 9)*MU
 2 334 -5.0188296650D-16  S(26, 9)*MU
 1 335 -1.4886970630D-16  C(26,10)*MU
 2 335 +5.1228272320D-17  S(26,10)*MU
 1 336 +4.0535466010D-18  C(26,11)*MU
 2 336 +6.3838491970D-18  S(26,11)*MU
 1 337 -1.0408827800D-18  C(26,12)*MU
 2 337 +2.8789748660D-19  S(26,12)*MU
 1 338 +6.1742874510D-21  C(26,13)*MU
 2 338 +3.2085655030D-21  S(26,13)*MU
 1 339 +3.9068068810D-22  C(26,14)*MU
 2 339 +5.6030916090D-22  S(26,14)*MU
 1 340 -5.1013319000D-23  C(26,15)*MU
 2 340 +2.1074074970D-23  S(26,15)*MU
 1 341 +1.2146805570D-24  C(26,16)*MU
 2 341 -8.6574059870D-25  S(26,16)*MU
 1 342 -4.9172206580D-26  C(26,17)*MU
 2 342 +8.3297588830D-26  S(26,17)*MU
 1 343 -4.5562629280D-27  C(26,18)*MU
 2 343 +3.8167368330D-27  S(26,18)*MU
 1 344 +4.3312466860D-29  C(26,19)*MU
 2 344 +1.9175971830D-29  S(26,19)*MU
 1 345 +1.4077212700D-29  C(26,20)*MU
 2 345 -1.6253209990D-29  S(26,20)*MU
 1 346 -3.4539564170D-32  C(26,21)*MU
 2 346 -2.1345988720D-31  S(26,21)*MU
 1 347 +6.2264581970D-32  C(26,22)*MU
 2 347 +5.2273891890D-32  S(26,22)*MU
 1 348 +9.5932377520D-34  C(26,23)*MU
 2 348 +3.6484994380D-33  S(26,23)*MU
 1 349 -4.5711983660D-35  C(26,24)*MU
 2 349 +4.0546055030D-34  S(26,24)*MU
 1 350 -1.3139474100D-35  C(26,25)*MU
 2 350 +2.7180472200D-35  S(26,25)*MU
 1 351 +1.5664816090D-36  C(26,26)*MU
 2 351 -1.9507015720D-36  S(26,26)*MU
 1 352 +7.9518000160D-05  C(27, 1)*MU
 2 352 +1.0052208060D-03  S(27, 1)*MU
 1 353 +5.6575451240D-05  C(27, 2)*MU
 2 353 -1.5627649990D-05  S(27, 2)*MU
 1 354 -1.0318733670D-06  C(27, 3)*MU
 2 354 -3.7577577550D-07  S(27, 3)*MU
 1 355 +2.1617878330D-08  C(27, 4)*MU
 2 355 -4.7449049930D-09  S(27, 4)*MU
 1 356 -4.3401493850D-10  C(27, 5)*MU
 2 356 +1.0137688130D-09  S(27, 5)*MU
 1 357 +1.7995551040D-11  C(27, 6)*MU
 2 357 -2.1641612390D-11  S(27, 6)*MU
 1 358 +2.6291692330D-12  C(27, 7)*MU
 2 358 -1.0708419890D-12  S(27, 7)*MU
 1 359 -5.9948589380D-14  C(27, 8)*MU
 2 359 -6.3197294550D-14  S(27, 8)*MU
 1 360 +2.1885673490D-16  C(27, 9)*MU
 2 360 +1.1820632370D-15  S(27, 9)*MU
 1 361 -1.7660323140D-16  C(27,10)*MU
 2 361 +1.2774999480D-16  S(27,10)*MU
 1 362 -9.9357069690D-19  C(27,11)*MU
 2 362 -2.5879806780D-18  S(27,11)*MU
 1 363 -1.4152462800D-20  C(27,12)*MU
 2 363 -5.7512338760D-20  S(27,12)*MU
 1 364 -8.1735913260D-21  C(27,13)*MU
 2 364 -5.6418857710D-21  S(27,13)*MU
 1 365 +6.8275054160D-22  C(27,14)*MU
 2 365 +3.7861038850D-22  S(27,14)*MU
 1 366 -1.0587292590D-23  C(27,15)*MU
 2 366 +2.4453530530D-25  S(27,15)*MU
 1 367 +7.0760015000D-25  C(27,16)*MU
 2 367 -4.4134736350D-25  S(27,16)*MU
 1 368 +2.7111238960D-26  C(27,17)*MU
 2 368 +7.7731765720D-27  S(27,17)*MU
 1 369 -1.1949676500D-27  C(27,18)*MU
 2 369 +1.3675819010D-27  S(27,18)*MU
 1 370 +1.0472477720D-29  C(27,19)*MU
 2 370 -7.0507490090D-29  S(27,19)*MU
 1 371 +1.7230717730D-30  C(27,20)*MU
 2 371 +1.7569694460D-30  S(27,20)*MU
 1 372 +6.5943849910D-32  C(27,21)*MU
 2 372 -1.4464499780D-31  S(27,21)*MU
 1 373 -2.6544367670D-34  C(27,22)*MU
 2 373 +5.4481492060D-33  S(27,22)*MU
 1 374 -6.3275643430D-34  C(27,23)*MU
 2 374 -3.2144084250D-34  S(27,23)*MU
 1 375 -1.5919291230D-35  C(27,24)*MU
 2 375 +2.1573375060D-35  S(27,24)*MU
 1 376 +7.7688549610D-36  C(27,25)*MU
 2 376 +2.0705758730D-36  S(27,25)*MU
 1 377 -3.2021202160D-37  C(27,26)*MU
 2 377 +2.5598530800D-37  S(27,26)*MU
 1 378 +5.9990049030D-38  C(27,27)*MU
 2 378 +3.0051875020D-38  S(27,27)*MU
 1 379 +9.7517737630D-04  C(28, 1)*MU
 2 379 -1.4972680430D-03  S(28, 1)*MU
 1 380 -4.4225375980D-05  C(28, 2)*MU
 2 380 -6.0623770780D-05  S(28, 2)*MU
 1 381 -4.8916916140D-08  C(28, 3)*MU
 2 381 +2.1556107970D-07  S(28, 3)*MU
 1 382 +1.8812409610D-08  C(28, 4)*MU
 2 382 -1.6242968030D-08  S(28, 4)*MU
 1 383 +6.7858156090D-10  C(28, 5)*MU
 2 383 -5.4816800040D-11  S(28, 5)*MU
 1 384 -6.9169700940D-11  C(28, 6)*MU
 2 384 +1.6632521470D-11  S(28, 6)*MU
 1 385 -1.3903215640D-12  C(28, 7)*MU
 2 385 -4.6218241060D-13  S(28, 7)*MU
 1 386 -6.1546729230D-15  C(28, 8)*MU
 2 386 -3.4587134490D-14  S(28, 8)*MU
 1 387 +1.1768561150D-15  C(28, 9)*MU
 2 387 -1.2223268140D-15  S(28, 9)*MU
 1 388 -1.0843909140D-16  C(28,10)*MU
 2 388 +1.7936028280D-17  S(28,10)*MU
 1 389 -3.4921263140D-19  C(28,11)*MU
 2 389 -4.6588085740D-19  S(28,11)*MU
 1 390 +8.6722564120D-21  C(28,12)*MU
 2 390 +5.2303267970D-20  S(28,12)*MU
 1 391 +8.2710131320D-23  C(28,13)*MU
 2 391 +2.9710052590D-21  S(28,13)*MU
 1 392 -7.0616025150D-23  C(28,14)*MU
 2 392 -2.1798866190D-22  S(28,14)*MU
 1 393 -1.1218481750D-23  C(28,15)*MU
 2 393 +7.3441765760D-24  S(28,15)*MU
 1 394 -4.7458995450D-25  C(28,16)*MU
 2 394 -4.3909383800D-25  S(28,16)*MU
 1 395 +1.1112414240D-26  C(28,17)*MU
 2 395 -1.0474490600D-26  S(28,17)*MU
 1 396 +3.9839589540D-29  C(28,18)*MU
 2 396 -9.0660132340D-29  S(28,18)*MU
 1 397 +2.2273453430D-29  C(28,19)*MU
 2 397 +6.9570493380D-29  S(28,19)*MU
 1 398 -2.3780607220D-31  C(28,20)*MU
 2 398 +2.7337019160D-31  S(28,20)*MU
 1 399 +3.0503833470D-32  C(28,21)*MU
 2 399 +3.3039454550D-33  S(28,21)*MU
 1 400 -3.1735669060D-33  C(28,22)*MU
 2 400 +3.3513755970D-34  S(28,22)*MU
 1 401 -9.8837051640D-35  C(28,23)*MU
 2 401 +2.3916392150D-34  S(28,23)*MU
 1 402 +1.5963245230D-35  C(28,24)*MU
 2 402 -3.5017870430D-35  S(28,24)*MU
 1 403 +1.8009232160D-37  C(28,25)*MU
 2 403 -7.6685105300D-37  S(28,25)*MU
 1 404 +4.3118721180D-38  C(28,26)*MU
 2 404 +2.1058607940D-38  S(28,26)*MU
 1 405 -1.1854063980D-38  C(28,27)*MU
 2 405 +1.5928928690D-39  S(28,27)*MU
 1 406 +1.0803681350D-39  C(28,28)*MU
 2 406 +3.1111809220D-40  S(28,28)*MU
 1 407 +5.0937157770D-04  C(29, 1)*MU
 2 407 +3.5489163740D-04  S(29, 1)*MU
 1 408 +4.7151692790D-05  C(29, 2)*MU
 2 408 -2.1580221870D-05  S(29, 2)*MU
 1 409 -7.4355489370D-07  C(29, 3)*MU
 2 409 -2.9849937390D-07  S(29, 3)*MU
 1 410 -3.6829492500D-08  C(29, 4)*MU
 2 410 +4.2182444170D-09  S(29, 4)*MU
 1 411 +6.8410268150D-10  C(29, 5)*MU
 2 411 +7.0310890380D-10  S(29, 5)*MU
 1 412 -2.0275482480D-12  C(29, 6)*MU
 2 412 -1.6891247130D-11  S(29, 6)*MU
 1 413 +2.8155611420D-13  C(29, 7)*MU
 2 413 -1.7360496660D-12  S(29, 7)*MU
 1 414 -5.3594266470D-14  C(29, 8)*MU
 2 414 +2.1194390520D-14  S(29, 8)*MU
 1 415 -4.8412128620D-16  C(29, 9)*MU
 2 415 +7.3208955400D-16  S(29, 9)*MU
 1 416 +6.3654713460D-19  C(29,10)*MU
 2 416 +6.3594907710D-17  S(29,10)*MU
 1 417 -3.5757079750D-18  C(29,11)*MU
 2 417 +1.7442595230D-19  S(29,11)*MU
 1 418 -1.1774057560D-20  C(29,12)*MU
 2 418 -6.9541323700D-20  S(29,12)*MU
 1 419 -6.0543606940D-22  C(29,13)*MU
 2 419 -1.0437392280D-21  S(29,13)*MU
 1 420 -1.0379356590D-22  C(29,14)*MU
 2 420 +3.9097717460D-23  S(29,14)*MU
 1 421 -9.9725094530D-25  C(29,15)*MU
 2 421 -1.9538597830D-24  S(29,15)*MU
 1 422 -6.8666495320D-26  C(29,16)*MU
 2 422 -1.7284323250D-25  S(29,16)*MU
 1 423 +5.8391615260D-27  C(29,17)*MU
 2 423 -3.5577059760D-27  S(29,17)*MU
 1 424 -1.0809752100D-28  C(29,18)*MU
 2 424 -7.4144994280D-30  S(29,18)*MU
 1 425 -5.1316195840D-30  C(29,19)*MU
 2 425 +3.5252525680D-30  S(29,19)*MU
 1 426 -5.0758805500D-31  C(29,20)*MU
 2 426 +3.3445306520D-31  S(29,20)*MU
 1 427 -4.6856139320D-32  C(29,21)*MU
 2 427 -2.9660353280D-32  S(29,21)*MU
 1 428 +2.3832914150D-33  C(29,22)*MU
 2 428 +1.0957424500D-33  S(29,22)*MU
 1 429 -6.4836154370D-35  C(29,23)*MU
 2 429 -1.0086489530D-36  S(29,23)*MU
 1 430 -1.8384278760D-36  C(29,24)*MU
 2 430 +2.6858715220D-36  S(29,24)*MU
 1 431 +3.6669102810D-37  C(29,25)*MU
 2 431 +1.6020187970D-37  S(29,25)*MU
 1 432 +1.8628475530D-38  C(29,26)*MU
 2 432 -1.0976808710D-38  S(29,26)*MU
 1 433 -1.7160211610D-39  C(29,27)*MU
 2 433 -4.9388908380D-40  S(29,27)*MU
 1 434 +2.2202126090D-40  C(29,28)*MU
 2 434 -4.2211050600D-41  S(29,28)*MU
 1 435 +2.4391330330D-41  C(29,29)*MU
 2 435 +8.9245721580D-42  S(29,29)*MU
 1 436 -2.3345725320D-04  C(30, 1)*MU
 2 436 -1.3121189560D-03  S(30, 1)*MU
 1 437 -1.9200862570D-05  C(30, 2)*MU
 2 437 -2.5423235040D-05  S(30, 2)*MU
 1 438 -2.5062515140D-07  C(30, 3)*MU
 2 438 +2.3027250770D-07  S(30, 3)*MU
 1 439 -1.0858604990D-08  C(30, 4)*MU
 2 439 -2.0196723560D-08  S(30, 4)*MU
 1 440 +5.7853230460D-10  C(30, 5)*MU
 2 440 +1.1911502980D-10  S(30, 5)*MU
 1 441 -1.8295761240D-11  C(30, 6)*MU
 2 441 +2.3698535640D-11  S(30, 6)*MU
 1 442 -3.2818437040D-14  C(30, 7)*MU
 2 442 -2.4634346310D-14  S(30, 7)*MU
 1 443 +1.9062970560D-14  C(30, 8)*MU
 2 443 +3.6920023010D-15  S(30, 8)*MU
 1 444 +3.6681707840D-17  C(30, 9)*MU
 2 444 -8.6707041820D-16  S(30, 9)*MU
 1 445 +9.3241972880D-18  C(30,10)*MU
 2 445 -7.9079203880D-18  S(30,10)*MU
 1 446 -4.3027317660D-19  C(30,11)*MU
 2 446 +1.3474287310D-18  S(30,11)*MU
 1 447 +3.5633536470D-20  C(30,12)*MU
 2 447 -3.2179440170D-20  S(30,12)*MU
 1 448 +4.9571625900D-21  C(30,13)*MU
 2 448 -6.4756311190D-24  S(30,13)*MU
 1 449 -4.0438382830D-25  C(30,14)*MU
 2 449 -3.1524347570D-23  S(30,14)*MU
 1 450 +1.2956299040D-24  C(30,15)*MU
 2 450 -4.2708769640D-24  S(30,15)*MU
 1 451 +1.0846267040D-26  C(30,16)*MU
 2 451 +9.9181129300D-26  S(30,16)*MU
 1 452 +6.8703044460D-28  C(30,17)*MU
 2 452 -1.0546504780D-27  S(30,17)*MU
 1 453 +8.2992345610D-30  C(30,18)*MU
 2 453 +2.3329132900D-29  S(30,18)*MU
 1 454 -6.3458043530D-30  C(30,19)*MU
 2 454 -2.9756135390D-30  S(30,19)*MU
 1 455 -1.3289835450D-33  C(30,20)*MU
 2 455 +1.7152004090D-31  S(30,20)*MU
 1 456 -1.5868500930D-32  C(30,21)*MU
 2 456 -6.5976152580D-33  S(30,21)*MU
 1 457 +3.1950457120D-34  C(30,22)*MU
 2 457 -5.4543772600D-34  S(30,22)*MU
 1 458 -7.5688542650D-36  C(30,23)*MU
 2 458 -2.5516764520D-35  S(30,23)*MU
 1 459 -6.1764796850D-37  C(30,24)*MU
 2 459 -9.2801582720D-39  S(30,24)*MU
 1 460 +1.1975382170D-37  C(30,25)*MU
 2 460 -7.5881406800D-38  S(30,25)*MU
 1 461 -2.5955184400D-39  C(30,26)*MU
 2 461 +6.5842507490D-39  S(30,26)*MU
 1 462 -1.0288485610D-40  C(30,27)*MU
 2 462 +4.1866207350D-40  S(30,27)*MU
 1 463 -3.6411323740D-41  C(30,28)*MU
 2 463 -2.0950773970D-41  S(30,28)*MU
 1 464 +1.8029893650D-42  C(30,29)*MU
 2 464 +4.6342385220D-44  S(30,29)*MU
 1 465 -7.2760385110D-44  C(30,30)*MU
 2 465 -2.0374702510D-44  S(30,30)*MU
 1 466 +7.3560576610D-04  C(31, 1)*MU
 2 466 +3.3851728270D-04  S(31, 1)*MU
 1 467 +2.9802225320D-05  C(31, 2)*MU
 2 467 +3.7752736620D-06  S(31, 2)*MU
 1 468 -2.6842231990D-07  C(31, 3)*MU
 2 468 -5.8618861540D-07  S(31, 3)*MU
 1 469 -2.2739698020D-08  C(31, 4)*MU
 2 469 -7.5286495310D-09  S(31, 4)*MU
 1 470 +1.3399912070D-10  C(31, 5)*MU
 2 470 +2.1581225700D-10  S(31, 5)*MU
 1 471 -2.6701199330D-12  C(31, 6)*MU
 2 471 +3.6415462320D-12  S(31, 6)*MU
 1 472 +2.2833942870D-13  C(31, 7)*MU
 2 472 -2.6936260130D-13  S(31, 7)*MU
 1 473 +4.3946364980D-16  C(31, 8)*MU
 2 473 -5.9663539040D-15  S(31, 8)*MU
 1 474 -6.4667876440D-16  C(31, 9)*MU
 2 474 -2.8258217040D-16  S(31, 9)*MU
 1 475 +1.3922040410D-17  C(31,10)*MU
 2 475 -2.0706210850D-17  S(31,10)*MU
 1 476 -3.0963892370D-19  C(31,11)*MU
 2 476 +1.0895742240D-18  S(31,11)*MU
 1 477 +9.4650161200D-22  C(31,12)*MU
 2 477 +2.9305481360D-20  S(31,12)*MU
 1 478 +1.2487815490D-21  C(31,13)*MU
 2 478 +2.9094035170D-22  S(31,13)*MU
 1 479 -5.6188795340D-23  C(31,14)*MU
 2 479 +9.6297409720D-24  S(31,14)*MU
 1 480 +1.2527174600D-25  C(31,15)*MU
 2 480 -1.2065605840D-24  S(31,15)*MU
 1 481 -4.5416082000D-26  C(31,16)*MU
 2 481 +4.8306019030D-26  S(31,16)*MU
 1 482 -2.2247575250D-27  C(31,17)*MU
 2 482 +9.6311129330D-28  S(31,17)*MU
 1 483 +3.6712604960D-29  C(31,18)*MU
 2 483 +1.2155248930D-29  S(31,18)*MU
 1 484 +1.1326579230D-30  C(31,19)*MU
 2 484 +1.5813012910D-30  S(31,19)*MU
 1 485 +4.3004468760D-32  C(31,20)*MU
 2 485 +1.2699377430D-32  S(31,20)*MU
 1 486 +2.2167913350D-33  C(31,21)*MU
 2 486 +3.3943690320D-33  S(31,21)*MU
 1 487 -2.5832160220D-34  C(31,22)*MU
 2 487 -2.3631109710D-34  S(31,22)*MU
 1 488 +1.7773019470D-35  C(31,23)*MU
 2 488 +1.0573334630D-35  S(31,23)*MU
 1 489 -3.4141186690D-37  C(31,24)*MU
 2 489 -1.7027486290D-37  S(31,24)*MU
 1 490 -3.4871287400D-38  C(31,25)*MU
 2 490 -1.2413993330D-39  S(31,25)*MU
 1 491 -1.1424353970D-39  C(31,26)*MU
 2 491 +8.8608902050D-41  S(31,26)*MU
 1 492 +1.0002093240D-40  C(31,27)*MU
 2 492 +1.7517301090D-40  S(31,27)*MU
 1 493 +3.1902147530D-43  C(31,28)*MU
 2 493 +1.6064170670D-42  S(31,28)*MU
 1 494 -3.7606823600D-43  C(31,29)*MU
 2 494 -4.1274265280D-43  S(31,29)*MU
 1 495 -1.5403424270D-44  C(31,30)*MU
 2 495 +5.2897956090D-44  S(31,30)*MU
 1 496 -1.8494993500D-46  C(31,31)*MU
 2 496 -5.8778562980D-47  S(31,31)*MU
 1 497 -1.2800805250D-03  C(32, 1)*MU
 2 497 -1.2929704970D-03  S(32, 1)*MU
 1 498 +8.0336360360D-06  C(32, 2)*MU
 2 498 +1.8846125110D-05  S(32, 2)*MU
 1 499 -8.8576651970D-08  C(32, 3)*MU
 2 499 +3.9872238020D-07  S(32, 3)*MU
 1 500 +8.3025540510D-09  C(32, 4)*MU
 2 500 -1.3916993300D-08  S(32, 4)*MU
 1 501 -6.1378919240D-12  C(32, 5)*MU
 2 501 -3.5727245740D-10  S(32, 5)*MU
 1 502 -1.5288794730D-11  C(32, 6)*MU
 2 502 +8.7412614340D-13  S(32, 6)*MU
 1 503 -3.8640404090D-13  C(32, 7)*MU
 2 503 +2.3324452960D-13  S(32, 7)*MU
 1 504 +3.4947272240D-15  C(32, 8)*MU
 2 504 +1.3167753700D-14  S(32, 8)*MU
 1 505 +2.4587236570D-16  C(32, 9)*MU
 2 505 +9.7046558820D-17  S(32, 9)*MU
 1 506 +3.3771339060D-18  C(32,10)*MU
 2 506 -7.9295904430D-18  S(32,10)*MU
 1 507 -3.1732626390D-19  C(32,11)*MU
 2 507 -8.5410219120D-20  S(32,11)*MU
 1 508 -7.4424386410D-21  C(32,12)*MU
 2 508 +1.8234658840D-20  S(32,12)*MU
 1 509 +1.0515314750D-21  C(32,13)*MU
 2 509 +3.2309444830D-23  S(32,13)*MU
 1 510 +2.2829413220D-23  C(32,14)*MU
 2 510 +3.3931182000D-23  S(32,14)*MU
 1 511 +6.5911485820D-25  C(32,15)*MU
 2 511 -8.3217923270D-25  S(32,15)*MU
 1 512 +1.7221036830D-26  C(32,16)*MU
 2 512 +2.4196519850D-26  S(32,16)*MU
 1 513 -7.7128049760D-28  C(32,17)*MU
 2 513 +3.9845279370D-28  S(32,17)*MU
 1 514 +1.7008281750D-29  C(32,18)*MU
 2 514 -1.1383758400D-29  S(32,18)*MU
 1 515 +8.8925272290D-31  C(32,19)*MU
 2 515 -4.3614199290D-31  S(32,19)*MU
 1 516 -1.7588110820D-32  C(32,20)*MU
 2 516 +1.5725793390D-32  S(32,20)*MU
 1 517 +5.1336954860D-34  C(32,21)*MU
 2 517 +2.5843831470D-33  S(32,21)*MU
 1 518 -8.3959952660D-35  C(32,22)*MU
 2 518 +1.3433032610D-35  S(32,22)*MU
 1 519 +2.9637256750D-36  C(32,23)*MU
 2 519 +3.6562258470D-37  S(32,23)*MU
 1 520 -2.2555617530D-37  C(32,24)*MU
 2 520 +1.8224805340D-37  S(32,24)*MU
 1 521 -2.1112387540D-38  C(32,25)*MU
 2 521 +1.2347743060D-38  S(32,25)*MU
 1 522 -8.3608435250D-41  C(32,26)*MU
 2 522 -1.2199505160D-40  S(32,26)*MU
 1 523 -1.3083975060D-41  C(32,27)*MU
 2 523 -1.2775970480D-41  S(32,27)*MU
 1 524 +3.8362855120D-43  C(32,28)*MU
 2 524 +5.7432205980D-43  S(32,28)*MU
 1 525 -5.2232300100D-44  C(32,29)*MU
 2 525 +3.9101765930D-44  S(32,29)*MU
 1 526 +9.4972120630D-45  C(32,30)*MU
 2 526 +1.9148176670D-45  S(32,30)*MU
 1 527 -7.7736564310D-47  C(32,31)*MU
 2 527 -2.7686226090D-46  S(32,31)*MU
 1 528 +9.2848026330D-48  C(32,32)*MU
 2 528 +6.4656661800D-48  S(32,32)*MU
 1 529 +1.7456445000D-04  C(33, 1)*MU
 2 529 +2.9283125870D-04  S(33, 1)*MU
 1 530 -4.2111910080D-06  C(33, 2)*MU
 2 530 +3.9300219710D-06  S(33, 2)*MU
 1 531 -2.0979470420D-07  C(33, 3)*MU
 2 531 -3.5455812120D-07  S(33, 3)*MU
 1 532 -8.7359749160D-10  C(33, 4)*MU
 2 532 +1.4563932530D-09  S(33, 4)*MU
 1 533 -5.7170488030D-11  C(33, 5)*MU
 2 533 +3.6042183600D-10  S(33, 5)*MU
 1 534 +4.6603130370D-12  C(33, 6)*MU
 2 534 -4.2280603620D-12  S(33, 6)*MU
 1 535 -4.1567005920D-15  C(33, 7)*MU
 2 535 +1.8214465980D-13  S(33, 7)*MU
 1 536 -2.5849312690D-16  C(33, 8)*MU
 2 536 +4.9486082940D-15  S(33, 8)*MU
 1 537 -2.8499161270D-17  C(33, 9)*MU
 2 537 +1.8123727390D-16  S(33, 9)*MU
 1 538 +7.0665918100D-19  C(33,10)*MU
 2 538 -2.8520963920D-18  S(33,10)*MU
 1 539 +5.2723225180D-19  C(33,11)*MU
 2 539 -4.5572808680D-20  S(33,11)*MU
 1 540 +1.5743111670D-20  C(33,12)*MU
 2 540 +1.2444277090D-20  S(33,12)*MU
 1 541 +3.5591160850D-22  C(33,13)*MU
 2 541 +6.5748907650D-22  S(33,13)*MU
 1 542 +2.9214361520D-23  C(33,14)*MU
 2 542 +7.9424151240D-24  S(33,14)*MU
 1 543 -3.1493159290D-25  C(33,15)*MU
 2 543 +2.2766332820D-25  S(33,15)*MU
 1 544 -1.3686216710D-27  C(33,16)*MU
 2 544 +6.9591998070D-27  S(33,16)*MU
 1 545 -2.5930375320D-28  C(33,17)*MU
 2 545 +3.6828771710D-28  S(33,17)*MU
 1 546 +3.6866903570D-30  C(33,18)*MU
 2 546 -5.2504504860D-30  S(33,18)*MU
 1 547 +2.5479212420D-31  C(33,19)*MU
 2 547 +3.5931913150D-32  S(33,19)*MU
 1 548 +1.1595275970D-32  C(33,20)*MU
 2 548 -4.1908245030D-33  S(33,20)*MU
 1 549 +1.5382853590D-34  C(33,21)*MU
 2 549 -1.7642235500D-34  S(33,21)*MU
 1 550 -3.3536995020D-35  C(33,22)*MU
 2 550 -8.9784829270D-36  S(33,22)*MU
 1 551 -2.0692711370D-37  C(33,23)*MU
 2 551 -1.4495983360D-36  S(33,23)*MU
 1 552 +5.5093746470D-38  C(33,24)*MU
 2 552 -6.6562626090D-39  S(33,24)*MU
 1 553 -7.6311416620D-40  C(33,25)*MU
 2 553 -2.9142775820D-39  S(33,25)*MU
 1 554 +2.2626349400D-40  C(33,26)*MU
 2 554 +1.5406188640D-40  S(33,26)*MU
 1 555 -1.4023763360D-41  C(33,27)*MU
 2 555 -2.8905657970D-42  S(33,27)*MU
 1 556 -7.7225313500D-43  C(33,28)*MU
 2 556 +1.3445477010D-43  S(33,28)*MU
 1 557 -8.5911899910D-44  C(33,29)*MU
 2 557 +7.7862890420D-46  S(33,29)*MU
 1 558 +6.4008206290D-46  C(33,30)*MU
 2 558 -3.4250820860D-45  S(33,30)*MU
 1 559 +3.1971590940D-48  C(33,31)*MU
 2 559 +2.1187113800D-47  S(33,31)*MU
 1 560 +3.8720856370D-48  C(33,32)*MU
 2 560 -3.5225812820D-50  S(33,32)*MU
 1 561 -5.2913504110D-50  C(33,33)*MU
 2 561 -7.1263155070D-50  S(33,33)*MU
 1 562 -2.1186411780D-04  C(34, 1)*MU
 2 562 -1.2353761600D-03  S(34, 1)*MU
 1 563 +1.4105454300D-05  C(34, 2)*MU
 2 563 +2.0393155230D-05  S(34, 2)*MU
 1 564 -5.8886600050D-08  C(34, 3)*MU
 2 564 +2.5253540810D-07  S(34, 3)*MU
 1 565 +9.5043971030D-09  C(34, 4)*MU
 2 565 -6.2601925810D-09  S(34, 4)*MU
 1 566 -1.2626475450D-10  C(34, 5)*MU
 2 566 +3.9113078320D-12  S(34, 5)*MU
 1 567 +1.6624998680D-12  C(34, 6)*MU
 2 567 -9.2174780620D-13  S(34, 6)*MU
 1 568 +1.9555599680D-13  C(34, 7)*MU
 2 568 +8.6882223990D-15  S(34, 7)*MU
 1 569 +1.7769485050D-15  C(34, 8)*MU
 2 569 -1.9717301440D-15  S(34, 8)*MU
 1 570 +9.4982744010D-17  C(34, 9)*MU
 2 570 +1.1323850700D-16  S(34, 9)*MU
 1 571 -3.3658149930D-18  C(34,10)*MU
 2 571 -2.0933462990D-20  S(34,10)*MU
 1 572 +8.5395098480D-20  C(34,11)*MU
 2 572 -2.6381418000D-19  S(34,11)*MU
 1 573 +9.6289752740D-22  C(34,12)*MU
 2 573 +5.2644920240D-21  S(34,12)*MU
 1 574 -5.3179604810D-22  C(34,13)*MU
 2 574 +8.4029123550D-23  S(34,13)*MU
 1 575 -2.1622028610D-24  C(34,14)*MU
 2 575 -5.9663515700D-25  S(34,14)*MU
 1 576 +5.0613072480D-26  C(34,15)*MU
 2 576 +1.9868619450D-25  S(34,15)*MU
 1 577 +2.4355087250D-27  C(34,16)*MU
 2 577 -5.7099417110D-27  S(34,16)*MU
 1 578 +2.5709245860D-29  C(34,17)*MU
 2 578 +1.8268129470D-28  S(34,17)*MU
 1 579 -6.4945699410D-30  C(34,18)*MU
 2 579 -2.0726796000D-31  S(34,18)*MU
 1 580 +4.8755324600D-32  C(34,19)*MU
 2 580 -8.2159485320D-32  S(34,19)*MU
 1 581 +2.5659793780D-33  C(34,20)*MU
 2 581 -1.1437274170D-33  S(34,20)*MU
 1 582 +1.4251837570D-34  C(34,21)*MU
 2 582 -6.8336505620D-35  S(34,21)*MU
 1 583 +3.1876480990D-36  C(34,22)*MU
 2 583 +1.6223165150D-36  S(34,22)*MU
 1 584 -1.3666477800D-37  C(34,23)*MU
 2 584 -3.1453431580D-37  S(34,23)*MU
 1 585 +3.9135673620D-38  C(34,24)*MU
 2 585 +4.9518009920D-39  S(34,24)*MU
 1 586 +1.4973991090D-39  C(34,25)*MU
 2 586 -1.9660156430D-39  S(34,25)*MU
 1 587 +1.1148025680D-41  C(34,26)*MU
 2 587 -9.2829885720D-41  S(34,26)*MU
 1 588 +3.2183068080D-42  C(34,27)*MU
 2 588 -2.5391080080D-43  S(34,27)*MU
 1 589 +1.0191187580D-43  C(34,28)*MU
 2 589 -1.8361152100D-43  S(34,28)*MU
 1 590 -4.3905451000D-45  C(34,29)*MU
 2 590 -5.1657753790D-45  S(34,29)*MU
 1 591 -3.9386528440D-46  C(34,30)*MU
 2 591 +1.7252517930D-48  S(34,30)*MU
 1 592 +9.3989240200D-48  C(34,31)*MU
 2 592 +9.1790849370D-48  S(34,31)*MU
 1 593 -2.3178640720D-49  C(34,32)*MU
 2 593 -3.2953794730D-49  S(34,32)*MU
 1 594 +2.5093393330D-50  C(34,33)*MU
 2 594 +3.3868845320D-50  S(34,33)*MU
 1 595 -6.2222897900D-52  C(34,34)*MU
 2 595 -1.7954831780D-51  S(34,34)*MU
 1 596 -2.5516651440D-04  C(35, 1)*MU
 2 596 +2.6910220270D-04  S(35, 1)*MU
 1 597 -9.6312669290D-06  C(35, 2)*MU
 2 597 +3.8772149440D-06  S(35, 2)*MU
 1 598 +7.1728549520D-08  C(35, 3)*MU
 2 598 +7.3094057700D-08  S(35, 3)*MU
 1 599 +8.2758869300D-09  C(35, 4)*MU
 2 599 +4.4825186980D-09  S(35, 4)*MU
 1 600 -2.0133035120D-11  C(35, 5)*MU
 2 600 -6.3150530690D-11  S(35, 5)*MU
 1 601 +2.0278302040D-12  C(35, 6)*MU
 2 601 -3.6023056160D-12  S(35, 6)*MU
 1 602 +5.2356993470D-15  C(35, 7)*MU
 2 602 +1.0692946530D-13  S(35, 7)*MU
 1 603 +5.4012210130D-16  C(35, 8)*MU
 2 603 +3.5735621770D-16  S(35, 8)*MU
 1 604 +6.3338514230D-17  C(35, 9)*MU
 2 604 -1.2128777330D-16  S(35, 9)*MU
 1 605 -2.4481747900D-18  C(35,10)*MU
 2 605 -1.4288142560D-18  S(35,10)*MU
 1 606 +3.4222037350D-20  C(35,11)*MU
 2 606 -1.8451172490D-19  S(35,11)*MU
 1 607 +2.2287156250D-21  C(35,12)*MU
 2 607 -3.0964303780D-21  S(35,12)*MU
 1 608 -5.3552365130D-23  C(35,13)*MU
 2 608 +2.0253674150D-22  S(35,13)*MU
 1 609 -6.6572005350D-25  C(35,14)*MU
 2 609 -1.7038397800D-25  S(35,14)*MU
 1 610 +1.1082857500D-26  C(35,15)*MU
 2 610 +1.2023978880D-25  S(35,15)*MU
 1 611 +1.7475831190D-28  C(35,16)*MU
 2 611 -1.7783460640D-27  S(35,16)*MU
 1 612 +1.4330145070D-28  C(35,17)*MU
 2 612 -1.0321965160D-28  S(35,17)*MU
 1 613 +2.0555723200D-30  C(35,18)*MU
 2 613 -8.1349043480D-31  S(35,18)*MU
 1 614 -1.3127887530D-31  C(35,19)*MU
 2 614 +2.6823437230D-32  S(35,19)*MU
 1 615 -1.1806571840D-33  C(35,20)*MU
 2 615 -1.3357661680D-33  S(35,20)*MU
 1 616 +7.2811063680D-35  C(35,21)*MU
 2 616 +1.4388871430D-34  S(35,21)*MU
 1 617 +2.9691765920D-38  C(35,22)*MU
 2 617 +6.1448005760D-36  S(35,22)*MU
 1 618 -1.6126278490D-37  C(35,23)*MU
 2 618 -1.0544466310D-37  S(35,23)*MU
 1 619 +6.4414163090D-39  C(35,24)*MU
 2 619 +5.5943627930D-39  S(35,24)*MU
 1 620 -3.3618475460D-40  C(35,25)*MU
 2 620 +1.5108269420D-40  S(35,25)*MU
 1 621 -5.7607159510D-41  C(35,26)*MU
 2 621 -5.6703185910D-43  S(35,26)*MU
 1 622 +4.7242528550D-43  C(35,27)*MU
 2 622 -3.2522716250D-42  S(35,27)*MU
 1 623 -8.2499268390D-44  C(35,28)*MU
 2 623 -1.7686607870D-43  S(35,28)*MU
 1 624 +2.9295943620D-45  C(35,29)*MU
 2 624 -1.1282225490D-45  S(35,29)*MU
 1 625 +6.7268895380D-47  C(35,30)*MU
 2 625 -5.2274452370D-47  S(35,30)*MU
 1 626 +1.3270047170D-48  C(35,31)*MU
 2 626 +1.0311275080D-48  S(35,31)*MU
 1 627 -2.4241726770D-49  C(35,32)*MU
 2 627 +3.4507409220D-50  S(35,32)*MU
 1 628 -1.2287097500D-51  C(35,33)*MU
 2 628 +7.1043378470D-51  S(35,33)*MU
 1 629 -1.8764554740D-52  C(35,34)*MU
 2 629 +4.4927418370D-53  S(35,34)*MU
 1 630 +4.0707452350D-54  C(35,35)*MU
 2 630 -6.2922053900D-54  S(35,35)*MU
 1 631 +3.7972466140D-04  C(36, 1)*MU
 2 631 -7.7079354330D-04  S(36, 1)*MU
 1 632 +6.4757189670D-07  C(36, 2)*MU
 2 632 +4.6759750960D-06  S(36, 2)*MU
 1 633 -8.0784270750D-08  C(36, 3)*MU
 2 633 -1.3764674740D-07  S(36, 3)*MU
 1 634 +3.5985859010D-09  C(36, 4)*MU
 2 634 -3.2308163110D-10  S(36, 4)*MU
 1 635 -8.9085770420D-11  C(36, 5)*MU
 2 635 +2.5694246140D-11  S(36, 5)*MU
 1 636 -1.2048620990D-12  C(36, 6)*MU
 2 636 -1.8808867760D-12  S(36, 6)*MU
 1 637 -9.6839958840D-15  C(36, 7)*MU
 2 637 -2.4467916090D-14  S(36, 7)*MU
 1 638 -1.7106211940D-15  C(36, 8)*MU
 2 638 -8.7713915840D-16  S(36, 8)*MU
 1 639 -1.4566238170D-17  C(36, 9)*MU
 2 639 +2.5199135710D-17  S(36, 9)*MU
 1 640 -4.6553979700D-19  C(36,10)*MU
 2 640 +6.0907955940D-19  S(36,10)*MU
 1 641 +2.1933948450D-20  C(36,11)*MU
 2 641 -2.7259994560D-20  S(36,11)*MU
 1 642 -2.3493867290D-22  C(36,12)*MU
 2 642 -1.7300905890D-21  S(36,12)*MU
 1 643 +2.4128277260D-23  C(36,13)*MU
 2 643 +1.1915100910D-22  S(36,13)*MU
 1 644 -4.4798703810D-24  C(36,14)*MU
 2 644 -3.7650956270D-24  S(36,14)*MU
 1 645 -5.0372476540D-26  C(36,15)*MU
 2 645 +5.1506126080D-26  S(36,15)*MU
 1 646 +1.1213029260D-27  C(36,16)*MU
 2 646 -1.6775682550D-27  S(36,16)*MU
 1 647 +5.5697065770D-29  C(36,17)*MU
 2 647 -2.1812973020D-29  S(36,17)*MU
 1 648 +5.5615990960D-32  C(36,18)*MU
 2 648 +4.2560771140D-31  S(36,18)*MU
 1 649 -6.5311981030D-33  C(36,19)*MU
 2 649 -1.7711722540D-33  S(36,19)*MU
 1 650 -7.5415780520D-34  C(36,20)*MU
 2 650 -7.1560474620D-34  S(36,20)*MU
 1 651 +2.0276421700D-35  C(36,21)*MU
 2 651 -5.7932396590D-35  S(36,21)*MU
 1 652 +5.3163416540D-37  C(36,22)*MU
 2 652 +6.3667391820D-37  S(36,22)*MU
 1 653 -3.9271394520D-38  C(36,23)*MU
 2 653 -1.7807137150D-38  S(36,23)*MU
 1 654 +7.6135321530D-40  C(36,24)*MU
 2 654 -1.6409882470D-39  S(36,24)*MU
 1 655 +1.1534731980D-42  C(36,25)*MU
 2 655 +3.6935060670D-40  S(36,25)*MU
 1 656 +1.3814827290D-41  C(36,26)*MU
 2 656 +1.8129241080D-41  S(36,26)*MU
 1 657 -6.6405561930D-43  C(36,27)*MU
 2 657 +2.7565515740D-43  S(36,27)*MU
 1 658 +1.8863622620D-44  C(36,28)*MU
 2 658 +1.5371937160D-44  S(36,28)*MU
 1 659 -1.5972221150D-46  C(36,29)*MU
 2 659 -2.9139192630D-46  S(36,29)*MU
 1 660 -8.6137500400D-48  C(36,30)*MU
 2 660 -1.1222651180D-47  S(36,30)*MU
 1 661 -9.8120166540D-49  C(36,31)*MU
 2 661 +3.7584645250D-49  S(36,31)*MU
 1 662 -1.3190367750D-50  C(36,32)*MU
 2 662 -4.4952617770D-51  S(36,32)*MU
 1 663 -2.1619282090D-51  C(36,33)*MU
 2 663 -2.3601635170D-51  S(36,33)*MU
 1 664 +5.1802463780D-53  C(36,34)*MU
 2 664 +1.0928571820D-52  S(36,34)*MU
 1 665 +1.1240954050D-54  C(36,35)*MU
 2 665 -3.8372557950D-54  S(36,35)*MU
 1 666 +9.1318306770D-56  C(36,36)*MU
 2 666 +2.5829796110D-55  S(36,36)*MU
